
<!DOCTYPE html
  PUBLIC "-//W3C//DTD HTML 4.01 Transitional//EN">
<html xmlns:mso="urn:schemas-microsoft-com:office:office" xmlns:msdt="uuid:C2F41010-65B3-11d1-A29F-00AA00C14882"><head>
      <meta http-equiv="Content-Type" content="text/html; charset=utf-8">
   <!--
This HTML was auto-generated from MATLAB code.
To make changes, update the MATLAB code and republish this document.
      --><title>smallScript</title><meta name="generator" content="MATLAB 8.1"><link rel="schema.DC" href="http://purl.org/dc/elements/1.1/"><meta name="DC.date" content="2013-04-22"><meta name="DC.source" content="smallScript.m"><style type="text/css">
html,body,div,span,applet,object,iframe,h1,h2,h3,h4,h5,h6,p,blockquote,pre,a,abbr,acronym,address,big,cite,code,del,dfn,em,font,img,ins,kbd,q,s,samp,small,strike,strong,sub,sup,tt,var,b,u,i,center,dl,dt,dd,ol,ul,li,fieldset,form,label,legend,table,caption,tbody,tfoot,thead,tr,th,td{margin:0;padding:0;border:0;outline:0;font-size:100%;vertical-align:baseline;background:transparent}body{line-height:1}ol,ul{list-style:none}blockquote,q{quotes:none}blockquote:before,blockquote:after,q:before,q:after{content:'';content:none}:focus{outine:0}ins{text-decoration:none}del{text-decoration:line-through}table{border-collapse:collapse;border-spacing:0}

html { min-height:100%; margin-bottom:1px; }
html body { height:100%; margin:0px; font-family:Arial, Helvetica, sans-serif; font-size:10px; color:#000; line-height:140%; background:#fff none; overflow-y:scroll; }
html body td { vertical-align:top; text-align:left; }

h1 { padding:0px; margin:0px 0px 25px; font-family:Arial, Helvetica, sans-serif; font-size:1.5em; color:#d55000; line-height:100%; font-weight:normal; }
h2 { padding:0px; margin:0px 0px 8px; font-family:Arial, Helvetica, sans-serif; font-size:1.2em; color:#000; font-weight:bold; line-height:140%; border-bottom:1px solid #d6d4d4; display:block; }
h3 { padding:0px; margin:0px 0px 5px; font-family:Arial, Helvetica, sans-serif; font-size:1.1em; color:#000; font-weight:bold; line-height:140%; }

a { color:#005fce; text-decoration:none; }
a:hover { color:#005fce; text-decoration:underline; }
a:visited { color:#004aa0; text-decoration:none; }

p { padding:0px; margin:0px 0px 20px; }
img { padding:0px; margin:0px 0px 20px; border:none; }
p img, pre img, tt img, li img { margin-bottom:0px; } 

ul { padding:0px; margin:0px 0px 20px 23px; list-style:square; }
ul li { padding:0px; margin:0px 0px 7px 0px; }
ul li ul { padding:5px 0px 0px; margin:0px 0px 7px 23px; }
ul li ol li { list-style:decimal; }
ol { padding:0px; margin:0px 0px 20px 0px; list-style:decimal; }
ol li { padding:0px; margin:0px 0px 7px 23px; list-style-type:decimal; }
ol li ol { padding:5px 0px 0px; margin:0px 0px 7px 0px; }
ol li ol li { list-style-type:lower-alpha; }
ol li ul { padding-top:7px; }
ol li ul li { list-style:square; }

.content { font-size:1.2em; line-height:140%; padding: 20px; }

pre, tt, code { font-size:12px; }
pre { margin:0px 0px 20px; }
pre.error { color:red; }
pre.codeinput { padding:10px; border:1px solid #d3d3d3; background:#f7f7f7; }
pre.codeoutput { padding:10px 11px; margin:0px 0px 20px; color:#4c4c4c; }

@media print { pre.codeinput, pre.codeoutput { word-wrap:break-word; width:100%; } }

span.keyword { color:#0000FF }
span.comment { color:#228B22 }
span.string { color:#A020F0 }
span.untermstring { color:#B20000 }
span.syscmd { color:#B28C00 }

.footer { width:auto; padding:10px 0px; margin:25px 0px 0px; border-top:1px dotted #878787; font-size:0.8em; line-height:140%; font-style:italic; color:#878787; text-align:left; float:none; }
.footer p { margin:0px; }
.footer a { color:#878787; }
.footer a:hover { color:#878787; text-decoration:underline; }
.footer a:visited { color:#878787; }

table th { padding:7px 5px; text-align:left; vertical-align:middle; border: 1px solid #d6d4d4; font-weight:bold; }
table td { padding:7px 5px; text-align:left; vertical-align:top; border:1px solid #d6d4d4; }





  </style>
<!--[if gte mso 9]><xml>
<mso:CustomDocumentProperties>
<mso:_dlc_DocId msdt:dt="string">FV3TYEPWNNQC-18-29221</mso:_dlc_DocId>
<mso:_dlc_DocIdItemGuid msdt:dt="string">454218fa-0df4-46ed-99e4-e9a851e40754</mso:_dlc_DocIdItemGuid>
<mso:_dlc_DocIdUrl msdt:dt="string">http://sharepoint/marketing/marcomm/seminars/emea_seminars/_layouts/DocIdRedir.aspx?ID=FV3TYEPWNNQC-18-29221, FV3TYEPWNNQC-18-29221</mso:_dlc_DocIdUrl>
</mso:CustomDocumentProperties>
</xml><![endif]-->
</head><body><div class="content"><h2>Contents</h2><div><ul><li><a href="#1">Import data.</a></li><li><a href="#2">Calculate statistics.</a></li><li><a href="#3">Visualise.</a></li></ul></div><h2>Import data.<a name="1"></a></h2><pre class="codeinput">importFromDB
returns = tick2ret(prices, dates, <span class="string">'Continuous'</span>);
</pre><pre class="codeoutput">Warning: Unable to fetch in batches: Batch size specified is bigger than the row
limit. 
</pre><h2>Calculate statistics.<a name="2"></a></h2><pre class="codeinput">m = mean(returns);
covMx = cov(returns)
C = corrcoef(returns)
</pre><pre class="codeoutput">covMx =
   9.0421e-05   5.9704e-05   6.8556e-05   2.3033e-05   4.5593e-05   7.0897e-05
   5.9704e-05   0.00020332   0.00016496    4.441e-05   0.00012318   6.7353e-05
   6.8556e-05   0.00016496   0.00023187    4.753e-05   0.00011755   8.1589e-05
   2.3033e-05    4.441e-05    4.753e-05   0.00019462   3.6652e-05   1.5891e-05
   4.5593e-05   0.00012318   0.00011755   3.6652e-05   0.00012237    5.161e-05
   7.0897e-05   6.7353e-05   8.1589e-05   1.5891e-05    5.161e-05   0.00011831
C =
            1      0.44033      0.47346      0.17363      0.43344      0.68547
      0.44033            1      0.75972      0.22325       0.7809      0.43427
      0.47346      0.75972            1      0.22374      0.69784      0.49261
      0.17363      0.22325      0.22374            1       0.2375      0.10472
      0.43344       0.7809      0.69784       0.2375            1      0.42893
      0.68547      0.43427      0.49261      0.10472      0.42893            1
</pre><h2>Visualise.<a name="3"></a></h2><pre class="codeinput">corrplot(returns)
correlationPlot(C, names)
figure
normplot(returns)
legend(names)
</pre><img vspace="5" hspace="5" src="smallScript_01.png" alt=""> <img vspace="5" hspace="5" src="smallScript_02.png" alt=""> <img vspace="5" hspace="5" src="smallScript_03.png" alt=""> <p class="footer"><br><a href="http://www.mathworks.com/products/matlab/">Published with MATLAB&reg; R2013a</a><br></p></div><!--
##### SOURCE BEGIN #####
%% Import data.
importFromDB
returns = tick2ret(prices, dates, 'Continuous');

%% Calculate statistics.
m = mean(returns);
covMx = cov(returns)
C = corrcoef(returns)

%% Visualise.
corrplot(returns)
correlationPlot(C, names)
figure
normplot(returns)
legend(names)

##### SOURCE END #####
--></body></html>